0 550 800 50
350 475 100 25
350 425 25 25
425 425 25 25
375 400 50 25
225 375 25 25
325 375 25 25
450 375 25 25
550 375 25 25
275 350 25 25
500 350 25 25
125 325 25 25
175 325 25 75
600 325 25 75
650 325 25 25
75 275 25 50
700 275 25 50
375 225 50 25
225 200 25 25
325 200 25 25
450 200 25 25
550 200 25 25
275 175 25 25
500 175 25 25
75 50 25 75
350 50 100 25
700 50 25 75
150 -25 100 25
550 -25 100 25
50 -125 100 25
650 -125 100 25
125 -250 100 25
575 -250 100 25
300 -325 200 25
275 -475 25 25
500 -475 25 25
25 -500 100 25
675 -500 100 25
150 -625 100 25
550 -625 100 25
50 -725 100 25
650 -725 100 25
125 -850 100 25
575 -850 100 25
300 -925 200 25
275 -1075 25 25
500 -1075 25 25
25 -1100 100 25
675 -1100 100 25
0 -1200 800 50