0 550 800 50
100 520 125 5
575 500 25 25
675 500 25 25
625 475 25 25
455 470 55 5
100 350 5 125
220 350 5 125
650 350 25 25
750 350 25 25
700 325 25 25
450 300 5 125
525 300 5 125
325 270 50 5
575 220 80 5
75 150 25 25
125 125 25 25
175 150 25 25
300 100 5 125
395 100 5 125
575 50 5 125
650 50 5 125
225 25 25 25
325 25 25 25
275 0 25 25
50 -5 80 5
225 -75 25 25
325 -75 25 25
650 -75 25 25
750 -75 25 25
400 -80 125 5
275 -100 25 25
700 -100 25 25
50 -175 5 150
125 -175 5 150
400 -300 5 150
520 -300 5 150
150 -325 25 25
250 -325 25 25
650 -325 25 25
750 -325 25 25
200 -350 25 25
700 -350 25 25
125 -375 25 25
275 -375 25 25
75 -425 25 25
325 -425 25 25
25 -475 25 25
375 -475 25 25
75 -525 25 25
325 -525 25 25
400 -525 25 25
500 -525 25 25
450 -550 25 25
125 -575 25 25
275 -575 25 25
200 -600 25 25
575 -680 150 5
350 -800 25 25
450 -800 25 25
100 -830 125 5
400 -850 25 25
575 -850 5 150
645 -850 5 150
300 -1000 25 25
400 -1000 25 25
575 -1000 50 25
700 -1000 50 25
100 -1025 5 150
220 -1025 5 150
350 -1050 25 25
625 -1050 75 25
500 -1000 25 25
600 -1050 25 25
100 -1075 25 25
550 -1075 25 25
500 -1205 100 5
75 -1250 5 25
500 -1400 5 150
595 -1400 5 150
75 -1425 5 150
145 -1425 5 150
500 -150 25 25
575 -1500 25 25
525 -1550 50 25
75 -1600 25 25
125 -1600 25 25
100 -1625 25 25
200 -1650 25 25
300 -1675 25 25
350 -1675 25 25
325 -1700 25 25
0 -1800 800 50